Rows: 552
Columns: 12
$ data    <IDate> 1980-01-01, 1980-02-01, 1980-03-01, 1980-04-01, 1980-05-01, 1980-06-01, 1980-07-01, 1980-08-01,…
$ RAIN_mm <int> 346, 364, 274, 165, 99, 3, 0, 35, 69, 128, 158, 247, 319, 216, 258, 93, 83, 47, 0, 3, 63, 154, 25…
$ ETP_mm  <dbl> 106.81, 90.60, 98.39, 90.24, 93.43, 83.60, 95.20, 98.03, 103.98, 121.49, 105.94, 102.25, 95.47, 8…
$ BAL     <dbl> 239.19, 273.40, 175.61, 74.76, 5.57, -80.60, -95.20, -63.03, -34.98, 6.51, 52.06, 144.75, 223.53,…
$ SPI_1   <dbl> 1.04, 1.14, 0.08, 0.42, 1.04, -1.13, -Inf, 0.72, 0.13, -0.18, -0.72, -0.27, 0.61, -1.07, -0.19, -…
$ SPEI_1  <dbl> 1.05, 1.24, 0.29, 0.47, 1.14, -0.29, 0.17, 1.18, 0.51, -0.16, -0.63, -0.22, 0.80, -0.94, 0.19, -1…
$ SPI_3   <dbl> NA, NA, 1.28, 0.88, 0.56, 0.59, 0.34, -0.20, 0.20, 0.01, -0.66, -0.66, -0.23, -0.36, -0.47, -1.33…
$ SPEI_3  <dbl> NA, NA, 1.40, 1.09, 0.71, 0.74, 0.57, 0.49, 0.72, 0.39, -0.45, -0.60, -0.03, -0.11, -0.19, -1.13,…
$ SPI_6   <dbl> NA, NA, NA, NA, NA, 1.23, 0.83, 0.42, 0.46, 0.12, -0.76, -0.64, -0.24, -0.66, -0.73, -0.97, -0.61…
$ SPEI_6  <dbl> NA, NA, NA, NA, NA, 1.42, 1.12, 0.80, 0.87, 0.47, -0.24, -0.26, 0.10, -0.40, -0.53, -0.74, -0.44,…
$ SPI_12  <dbl> NA, NA, NA, NA, NA, NA, NA, NA, NA, NA, NA, 0.55, 0.40, -0.42, -0.46, -0.86, -0.85, -0.64, -0.64,…
$ SPEI_12 <dbl> NA, NA, NA, NA, NA, NA, NA, NA, NA, NA, NA, 0.94, 0.89, 0.04, 0.03, -0.32, -0.40, -0.20, -0.24, -…