Rows: 16,802
Columns: 10
$ year  <int> 1980, 1980, 1980, 1980, 1980, 1980, 1980, 1980, 1980, 1980, 1980, 1980, 1980, 1980, 1980, 1980, 198…
$ month <int> 1, 1, 1, 1, 1, 1, 1, 1, 1, 1, 1, 1, 1, 1, 1, 1, 1, 1, 1, 1, 1, 1, 1, 1, 1, 1, 1, 1, 1, 1, 1, 2, 2, …
$ day   <int> 1, 2, 3, 4, 5, 6, 7, 8, 9, 10, 11, 12, 13, 14, 15, 16, 17, 18, 19, 20, 21, 22, 23, 24, 25, 26, 27, …
$ doy   <int> 1, 2, 3, 4, 5, 6, 7, 8, 9, 10, 11, 12, 13, 14, 15, 16, 17, 18, 19, 20, 21, 22, 23, 24, 25, 26, 27, …
$ SRAD  <int> 16, 21, 26, 20, 17, 15, 13, 17, 14, 18, 12, 13, 19, 21, 19, 20, 15, 12, 18, 13, 16, 18, 19, 16, 14,…
$ TMAX  <int> 29, 31, 33, 32, 32, 30, 30, 31, 30, 32, 29, 29, 32, 32, 32, 32, 31, 30, 31, 30, 32, 33, 32, 31, 31,…
$ TMIN  <int> 21, 20, 20, 22, 23, 22, 22, 22, 22, 22, 22, 22, 22, 21, 21, 22, 22, 22, 22, 22, 22, 22, 22, 22, 22,…
$ RAIN  <int> 21, 0, 1, 24, 3, 5, 9, 9, 8, 16, 25, 33, 5, 0, 12, 13, 4, 4, 37, 0, 0, 12, 19, 15, 6, 13, 1, 6, 1, …
$ WIND  <int> 1, 1, 1, 1, 1, 1, 1, 1, 1, 1, 1, 1, 1, 1, 1, 1, 1, 1, 1, 1, 1, 1, 1, 1, 1, 1, 1, 1, 1, 1, 1, 1, 1, …
$ RHUM  <int> 81, 82, 79, 77, 82, 85, 87, 87, 84, 87, 85, 91, 83, 81, 85, 85, 83, 88, 89, 87, 84, 85, 80, 89, 87,…